diary on
[sig] = find_significance(@find_degree_interlayer);
For Electrode 2 and Segment 1

ans =

    1.0000    2.0000   -0.3340    6.0059   12.3459    0.0665
    1.0000    3.0000   -0.5195    5.8205   12.1605    0.0775
    2.0000    3.0000   -6.5254   -0.1854    6.1546    0.9972

For Electrode 5 and Segment 2

ans =

    1.0000    2.0000   -0.8755   10.2568   21.3891    0.0762
    1.0000    3.0000    0.0755   11.2078   22.3401    0.0482
    2.0000    3.0000  -10.1813    0.9510   12.0833    0.9764

For Electrode 6 and Segment 1

ans =

    1.0000    2.0000   -0.8971    6.8181   14.5332    0.0924
    1.0000    3.0000   -0.4421    7.2731   14.9882    0.0681
    2.0000    3.0000   -7.2602    0.4550    8.1702    0.9887

For Electrode 8 and Segment 1

ans =

    1.0000    2.0000   -0.0199    7.1958   14.4116    0.0508
    1.0000    3.0000   -0.1242    7.0916   14.3073    0.0549
    2.0000    3.0000   -7.3201   -0.1043    7.1115    0.9993

For Electrode 9 and Segment 3

ans =

    1.0000    2.0000    0.8159   13.2233   25.6307    0.0345
    1.0000    3.0000   -0.1087   12.2987   24.7060    0.0525
    2.0000    3.0000  -13.3321   -0.9247   11.4827    0.9820

For Electrode 10 and Segment 1

ans =

    1.0000    2.0000   -0.0729    8.2973   16.6676    0.0525
    1.0000    3.0000   -0.4478    7.9225   16.2927    0.0668
    2.0000    3.0000   -8.7451   -0.3749    7.9954    0.9935

For Electrode 13 and Segment 3

ans =

    1.0000    2.0000   -0.4132   12.6195   25.6522    0.0594
    1.0000    3.0000   -0.3585   12.6742   25.7070    0.0581
    2.0000    3.0000  -12.9779    0.0548   13.0875    0.9999

For Electrode 30 and Segment 1

ans =

    1.0000    2.0000   -0.6665    6.0885   12.8434    0.0845
    1.0000    3.0000   -0.5435    6.2114   12.9664    0.0769
    2.0000    3.0000   -6.6320    0.1230    6.8779    0.9989

For Electrode 31 and Segment 1

ans =

    1.0000    2.0000    0.1571    7.7142   15.2713    0.0446
    1.0000    3.0000   -0.0478    7.5093   15.0663    0.0518
    2.0000    3.0000   -7.7620   -0.2049    7.3521    0.9976

For Electrode 41 and Segment 2

ans =

    1.0000    2.0000   -0.6525    9.1502   18.9529    0.0715
    1.0000    3.0000   -0.1448    9.6579   19.4606    0.0542
    2.0000    3.0000   -9.2950    0.5077   10.3104    0.9913

For Electrode 42 and Segment 1

ans =

    1.0000    2.0000    0.1457    6.9279   13.7101    0.0444
    1.0000    3.0000   -0.3484    6.4338   13.2160    0.0660
    2.0000    3.0000   -7.2763   -0.4941    6.2881    0.9828

For Electrode 48 and Segment 2

ans =

    1.0000    2.0000   -1.2093    8.2876   17.7845    0.0976
    1.0000    3.0000   -0.1933    9.3035   18.8004    0.0559
    2.0000    3.0000   -8.4809    1.0160   10.5128    0.9633

diary off
